0.472
0.037
0.017
0.329
-0.339
-0.133
0.147
-0.475
-0.086
-0.402
2.288
-2.284
1.150
-1.791
-2.184
-1.054
0.928
-1.209
-0.267
-0.551
0.553
-3.061
0.756
0.813
2.938
-1.526
-0.881
-2.383
1.167
0.325
0.315
0.218
0.863
-3.510
-2.061
1.178
-0.079
-2.412
2.629
-1.479
2.068
1.079
-1.478
-2.017
-1.407
-2.442
0.933
-3.082
1.101
-0.513
-1.040
2.343
2.547
0.229
3.097
-2.417
-1.515
-1.273
-1.850
1.025
-1.548
1.726
0.129
-0.087
-4.127
-1.952
-0.846
0.816
-0.555
-0.809
-0.428
1.277
-0.486
-1.272
2.232
0.274
1.803
-3.003
-3.298
1.417
1.181
-0.084
-1.613
-0.009
0.822
0.638
-0.429
1.881
-0.853
-2.340
0.866
1.103
1.075
0.211
-3.179
-2.028
1.255
2.090
-2.131
0.453
0.412
0.604
-2.419
2.599
1.226
-2.266
-0.063
-0.048
-1.486
-0.760
-0.980
-0.469
0.450
-3.370
-1.068
1.325
-1.818
1.952
2.874
-0.824
-1.127
-3.286
-0.823
0.220
2.001
1.300
-1.894
2.200
2.656
-1.914
-0.911
-2.272
-2.234
0.689
-3.840
0.143
2.845
-0.929
-0.181
2.061
-1.542
3.231
1.231
1.855
-2.863
-1.358
-0.870
-1.736
-2.340
-0.896
-4.160
-1.045
1.999
-0.403
-0.526
0.337
-2.801
-0.108
1.270
0.330
0.078
0.345
-0.778
0.576
-2.593
3.188
1.926
0.234
-3.051
-1.479
1.569
-0.216
-3.268
-2.162
2.338
0.563
0.205
-1.673
2.516
1.003
0.667
2.043
-1.823
-2.560
-1.382
0.491
0.511
0.365
0.723
-1.322
-0.150
-0.912
3.497
-0.547
0.572
-2.441
1.324
1.489
-1.469
-2.214
-0.445
-0.278
-1.812
-3.934
2.340
-1.383
3.762
-0.015
0.090
-0.502
-0.696
-3.884
1.546
2.060
2.273
-0.346
1.278
0.419
-0.678
-1.862
0.146
0.840
-0.801
0.001
-0.760
1.323
1.474
0.126
0.460
-0.413
3.989
-2.862
0.145
1.047
1.155
0.545
1.010
-1.766
-1.682
0.135
-1.045
-0.138
1.582
-2.667
-3.152
-0.600
0.055
-2.626
1.927
0.987
1.535
1.500
1.705
0.076
-1.696
-1.956
-0.697
-3.264
-3.080
1.838
-0.362
-4.208
0.677
0.867
-0.609
0.904
-2.325
3.733
1.056
0.325
0.250
-1.227
-0.543
2.044
-1.464
-2.881
2.247
0.637
-3.041
0.988
-1.913
0.124
-3.140
0.810
-1.000
0.052
1.627
-2.295
-1.363
-0.648
0.910
0.321
-3.273
0.443
-1.585
0.787
0.826
0.942
-1.913
-1.244
-0.420
-3.647
-0.323
-0.750
2.055
1.035
0.771
-2.454
3.182
0.577
-1.570
-2.550
-1.239
-1.999
2.911
-0.987
1.234
1.676
1.384
-1.677
-1.258
0.451
-1.267
2.382
0.188
-2.964
3.222
-1.478
1.349
-1.077
-0.067
-2.556
1.368
2.113
-1.950
-0.067
-1.485
-0.777
0.362
-0.738
-0.444
2.798
-0.896
0.816
1.152
-1.703
-1.115
-3.472
0.887
-0.721
0.062
-2.544
0.532
1.054
-0.169
-0.703
1.228
-1.234
-2.399
-1.888
1.362
-2.633
-1.361
-0.259
-2.062
3.196
0.827
-0.486
2.005
2.807
-0.243
0.843
-0.691
-3.742
2.452
2.307
-2.414
-0.640
0.812
-0.732
-0.296
0.485
-3.311
-1.334
0.873
0.267
-1.713
1.343
-2.349
-1.093
1.042
1.626
-1.834
-0.797
0.569
-1.654
-1.411
0.159
2.310
0.377
2.639
-1.238
1.055
-1.772
-0.745
0.338
1.648
-2.744
0.098
-0.180
-0.172
-1.422
-0.707
-0.441
1.315
-3.214
2.926
-0.065
0.240
-1.906
1.957
-0.558
-0.058
-3.236
-1.689
0.134
-2.036
-2.711
0.696
-0.956
-1.615
-2.606
-2.098
2.850
1.306
-0.370
0.176
0.014
-0.829
-0.257
0.998
-1.529
-0.399
-0.286
-1.590
-0.880
-1.011
0.362
0.078
-0.266
1.585
-0.493
-0.470
-0.205
0.265
-0.569
-1.168
-0.401
-0.936
0.326
1.336
-2.395
0.611
2.116
-0.347
0.070
-2.833
-0.288
2.163
0.021
1.444
0.855
-0.626
-0.302
2.229
-2.017
-2.241
0.237
0.689
0.005
1.436
0.929
0.293
-3.943
0.059
-0.035
-1.010
0.316
3.865
0.227
1.400
-3.140
0.930
-1.644
1.507
0.090
-0.153
-1.171
-0.431
0.218
-0.987
0.540
0.863
1.366
2.834
1.583
-1.790
-0.178
-2.474
-3.490
0.985
0.540
-3.128
3.236
0.558
-0.476
-0.954
0.066
-2.191
-1.690
-0.220
1.415
1.403
1.257
-1.915
-1.207
-0.810
-4.451
2.402
-1.472
-0.787
1.000
0.565
-0.257
-2.171
-0.581
-2.626
0.544
-0.597
1.001
-0.835
1.989
-1.552
-0.759
-2.374
-1.605
-1.246
3.524
0.867
-0.093
-0.897
-0.345
0.545
-1.052
-0.349
0.030
-1.024
-3.507
2.061
1.254
0.796
-2.173
0.285
-2.656
-1.643
-1.538
2.224
1.695
-2.385
0.820
-0.188
-1.043
-2.145
-0.342
1.932
-0.269
-0.761
-3.113
-0.489
1.162
-0.166
0.120
1.344
0.462
-0.537
0.814
-0.592
-1.921
-2.149
-1.632
-1.892
-1.592
2.339
-0.355
-0.714
0.896
-0.312
1.025
-1.523
-0.147
0.404
-2.213
2.376
0.155
-1.682
-0.646
0.941
-2.783
0.671
-1.046
-0.920
3.132
-2.282
1.149
-2.362
1.080
-3.494
-2.695
2.545
-1.107
-1.083
0.408
-2.925
-3.325
4.576
0.339
-0.297
-0.199
-0.234
0.786
0.968
-0.903
-0.137
0.012
1.917
0.291
0.729
-4.570
0.304
-1.033
0.800
-0.969
1.660
3.488
2.084
-2.631
1.209
-2.172
-4.496
-0.746
-0.247
-0.866
1.917
-0.527
1.486
-0.058
2.722
-1.788
-3.928
-1.069
0.154
0.922
-2.175
1.081
-1.818
0.250
0.129
1.719
-3.560
0.686
-1.141
0.648
2.001
-1.623
-0.710
1.021
-3.234
1.945
-1.614
1.556
-0.487
-1.358
0.561
-0.901
1.454
1.102
0.658
-2.179
1.231
1.265
-1.104
1.337
-3.161
-0.686
-3.784
3.146
-1.461
1.397
-0.822
1.568
0.506
0.450
1.625
-1.127
3.789
-2.634
-1.290
-3.642
1.762
-1.075
0.250
-1.015
-2.232
0.422
-1.222
1.444
1.926
-1.227
-3.972
-1.003
1.066
-1.233
-3.307
0.998
-0.024
-0.818
-0.749
-1.571
1.534
-0.392
-1.580
3.791
-0.014
-0.048
1.297
-1.357
2.088
-1.434
-4.418
0.061
-0.691
3.109
-0.876
-0.655
-1.893
1.127
2.320
-2.078
-1.123
0.339
-2.378
-0.019
1.979
-1.762
0.821
-1.425
0.998
3.460
-1.599
-0.921
0.382
2.752
-2.926
-0.265
1.487
-2.833
-0.977
1.541
-1.496
-2.205
-1.046
0.569
0.594
1.772
0.502
1.508
0.451
-1.859
-0.069
-3.220
-1.370
-3.041
0.265
1.883
0.226
0.478
1.420
-0.066
-4.283
1.132
-2.783
-0.758
1.954
-2.510
1.846
0.936
0.475
-0.544
-0.053
-2.510
0.350
4.472
-0.269
1.131
1.302
-1.257
0.339
-1.227
-3.350
-3.252
0.985
1.343
-2.676
-1.172
-0.196
0.117
-2.873
0.045
1.047
2.057
-0.039
0.442
-6.643
1.236
1.428
-0.172
-0.461
2.925
0.983
0.435
-2.343
-0.863
1.710
2.419
-1.699
-2.290
1.573
0.512
-1.473
1.194
-1.412
0.863
-0.445
-0.528
1.142
-3.138
0.819
0.241
-0.598
1.066
-0.663
1.631
-1.335
-0.897
1.572
0.527
1.484
-0.376
1.941
-2.199
-1.341
-0.806
-0.041
0.074
-0.156
1.379
2.224
-3.339
-3.835
0.594
1.339
-0.919
2.953
1.601
-0.398
-1.325
-1.516
-1.541
0.171
-2.041
-0.322
1.596
3.187
-1.323
-0.843
-2.165
-2.474
-0.283
-0.171
-0.703
-0.115
-3.279
1.655
1.465
-2.386
2.469
1.265
-1.473
-1.715
2.100
2.864
1.056
3.136
-0.887
-1.164
-0.266
0.080
0.037
-0.943
-1.966
-0.322
-0.691
1.603
-0.816
-1.390
0.283
-2.756
-1.478
-0.836
0.604
-1.074
-0.422
-0.251
3.672
-1.701
-2.598
1.039
1.983
2.434
-0.083
-0.772
-1.410
-0.014
0.069
0.219
-2.454
1.476
-1.593
-0.491
1.893
2.408
-0.301
1.238
-3.275
-2.448
1.972
0.539
-2.063
-1.199
-2.283
0.237
0.620
-2.238
-2.251
1.866
0.178
-0.918
-2.321
2.094
-0.917
4.303
-1.240
-1.785
-0.183
-0.451
-0.378
-1.165
-1.531
-0.790
-1.007
-1.257
-1.002
-0.590
-1.805
-2.982
-2.111
-0.517
0.615
3.359
0.912
-1.542
-1.260
0.584
1.167
-3.574
0.097
0.282
-0.646
-0.211
1.441
0.694
0.842
-2.765
0.595
0.666
0.233
-1.887
-1.719
3.387
-2.108
2.553
-1.019
0.945
1.364
-1.017
2.305
-1.239
-2.648
-1.415
0.168
